 0:   2   1   0   0   0   0   0   0   0   0   0   0   0   0   0   0
 1: 626 822 592 496 221 418 573 401 912  30 370 941 978 448 990   3
 2: 125 817 516  82 312 204  25 324 930 881 717 171 554 404 665   4
 3: 114 759 141 761 725 115 972 121 752 383 720 146 565 954 422   5
 4: 802 612 155 720 448 977 841 499 806 529  69 656 652  87 972   6
 5: 538  89  85 952 151 819 819 214 740 545 539 976 400 893 699   8
 6: 562 349 515 139 480 964 347 243 295 422 654  23 884 722  86   7
 7: 369 597 264 876 870 468 311 858 879 719 886 497 615  11 607  10
 8: 869 575 253 494 101 947 516 842 629 954 897 735 487 135 634   9
 9: 685  44 731 148 579 355 529 433 914 704 264 868 104 528  95  11
10:  60 778 716 833 901 263 992 472 482 874 982 316 795 256 722  12
11: 767 453 296 637 813 901  90 664 705 819 414 105 405 101 306  14
12: 998 904 453 492 229 915 585 991 606 802 555 253 326 737 598  13
13: 312 983 271  29 596 643 711 194 640 607 603 909 538  87 446  16
14: 338 943 939 677 526 714 192 192 238 478 447 523 769 726 603  15
15: 726 802 113 953 318 534 954  14  54 408 454  82 798 367 553  17
16:  88 511 141 639 599 123 224 707 130 370 584 308 314 137 280  18
17: 407 565 524 365  29 408  55 107 580 170 549 396  45 647 806  20
18:  10  98 681 250 840 852 579 782 482 341 602 725 706 878 304  19
19: 392 333 696 224   4   0   0   0   0   0   0   0   0   0   0   0
20: 575 259 702 835   6   0   0   0   0   0   0   0   0   0   0   0
21:   0   0   0   0   0   0   0   0   0   0   0   0   0   0   0   0
22:   0   0   0   0   0   0   0   0   0   0   0   0   0   0   0   0
23:   0   0   0   0   0   0   0   0   0   0   0   0   0   0   0   0
24:   0   0   0   0   0   0   0   0   0   0   0   0   0   0   0   0
25:   0   0   0   0   0   0   0   0   0   0   0   0   0   0   0   0
26:   0   0   0   0   0   0   0   0   0   0   0   0   0   0   0   0
27:   0   0   0   0   0   0   0   0   0   0   0   0   0   0   0   0
28:   0   0   0   0   0   0   0   0   0   0   0   0   0   0   0   0
29:   0   0   0   0   0   0   0   0   0   0   0   0   0   0   0   0
30:   0   0   0   0   0   0   0   0   0   0   0   0   0   0   0   0
31:   0   0   0   0   0   0   0   0   0   0   0   0   0   0   0   0
32:   0   0   0   0   0   0   0   0   0   0   0   0   0   0   0   0
33:   0   0   0   0   0   0   0   0   0   0   0   0   0   0   0   0
34:   0   0   0   0   0   0   0   0   0   0   0   0   0   0   0   0
35:   0   0   0   0   0   0   0   0   0   0   0   0   0   0   0   0
36:   0   0   0   0   0   0   0   0   0   0   0   0   0   0   0   0
37:   0   0   0   0   0   0   0   0   0   0   0   0   0   0   0   0
38:   0   0   0   0   0   0   0   0   0   0   0   0   0   0   0   0
39:   0   0   0   0   0   0   0   0   0   0   0   0   0   0   0   0
40:   0   0   0   0   0   0   0   0   0   0   0   0   0   0   0   0
41:   0   0   0   0   0   0   0   0   0   0   0   0   0   0   0   0
42:   0   0   0   0   0   0   0   0   0   0   0   0   0   0   0   0
43:   0   0   0   0   0   0   0   0   0   0   0   0   0   0   0   0
44:   0   0   0   0   0   0   0   0   0   0   0   0   0   0   0   0
45:   0   0   0   0   0   0   0   0   0   0   0   0   0   0   0   0
46:   0   0   0   0   0   0   0   0   0   0   0   0   0   0   0   0
47:   0   0   0   0   0   0   0   0   0   0   0   0   0   0   0   0
48:   0   0   0   0   0   0   0   0   0   0   0   0   0   0   0   0
49:   0   0   0   0   0   0   0   0   0   0   0   0   0   0   0   0
50:   0   0   0   0   0   0   0   0   0   0   0   0   0   0   0   0
422469633339230487870672560234148278257985284025068198102801373143085843701307072241235996391415118844687538909603607640194711643596292719833125987373262535558026069915859152294924539049987222567953169828744824729922639018337167786060711615497886719879858311468870876264597369867228842365442229524334796448013951534956297287652656695298064998419774487201556128026654045541717178819303242520431282516817125
6835702259575806647453965491705801075540829365524565407553367798824544085414954534318953113802726603726769523447478238192192714526677939943338306101405105414819705664909018136372964537679552810486826470491443352935557914873144685634135487735897954629842516947101494253575869699893400976539545740214819819151952858953842295456514672038375212197211572576114175911499044897894137030912401573418221496592822626
 0:   2   1   0   0   0   0   0   0   0   0   0   0   0   0   0   0
 1: 626 822 592 496 221 418 573 401 912  30 370 941 978 448 990   3
 2: 626 822 592 496 221 418 573 401 912  30 370 941 978 448 990   0
 3: 114 759 141 761 725 115 972 121 752 383 720 146 565 954 422   5
 4: 802 612 155 720 448 977 841 499 806 529  69 656 652  87 972   6
 5: 538  89  85 952 151 819 819 214 740 545 539 976 400 893 699   8
 6: 562 349 515 139 480 964 347 243 295 422 654  23 884 722  86   7
 7: 369 597 264 876 870 468 311 858 879 719 886 497 615  11 607  10
 8: 869 575 253 494 101 947 516 842 629 954 897 735 487 135 634   9
 9: 685  44 731 148 579 355 529 433 914 704 264 868 104 528  95  11
10:  60 778 716 833 901 263 992 472 482 874 982 316 795 256 722  12
11: 767 453 296 637 813 901  90 664 705 819 414 105 405 101 306  14
12: 998 904 453 492 229 915 585 991 606 802 555 253 326 737 598  13
13: 312 983 271  29 596 643 711 194 640 607 603 909 538  87 446  16
14: 338 943 939 677 526 714 192 192 238 478 447 523 769 726 603  15
15: 726 802 113 953 318 534 954  14  54 408 454  82 798 367 553  17
16:  88 511 141 639 599 123 224 707 130 370 584 308 314 137 280  18
17: 407 565 524 365  29 408  55 107 580 170 549 396  45 647 806  20
18:  10  98 681 250 840 852 579 782 482 341 602 725 706 878 304  19
19: 392 333 696 224   4   0   0   0   0   0   0   0   0   0   0   0
20: 575 259 702 835   6   0   0   0   0   0   0   0   0   0   0   0
21:   0   0   0   0   0   0   0   0   0   0   0   0   0   0   0   0
22:   0   0   0   0   0   0   0   0   0   0   0   0   0   0   0   0
23:   0   0   0   0   0   0   0   0   0   0   0   0   0   0   0   0
24:   0   0   0   0   0   0   0   0   0   0   0   0   0   0   0   0
25:   0   0   0   0   0   0   0   0   0   0   0   0   0   0   0   0
26:   0   0   0   0   0   0   0   0   0   0   0   0   0   0   0   0
27:   0   0   0   0   0   0   0   0   0   0   0   0   0   0   0   0
28:   0   0   0   0   0   0   0   0   0   0   0   0   0   0   0   0
29:   0   0   0   0   0   0   0   0   0   0   0   0   0   0   0   0
30:   0   0   0   0   0   0   0   0   0   0   0   0   0   0   0   0
31:   0   0   0   0   0   0   0   0   0   0   0   0   0   0   0   0
32:   0   0   0   0   0   0   0   0   0   0   0   0   0   0   0   0
33:   0   0   0   0   0   0   0   0   0   0   0   0   0   0   0   0
34:   0   0   0   0   0   0   0   0   0   0   0   0   0   0   0   0
35:   0   0   0   0   0   0   0   0   0   0   0   0   0   0   0   0
36:   0   0   0   0   0   0   0   0   0   0   0   0   0   0   0   0
37:   0   0   0   0   0   0   0   0   0   0   0   0   0   0   0   0
38:   0   0   0   0   0   0   0   0   0   0   0   0   0   0   0   0
39:   0   0   0   0   0   0   0   0   0   0   0   0   0   0   0   0
40:   0   0   0   0   0   0   0   0   0   0   0   0   0   0   0   0
41:   0   0   0   0   0   0   0   0   0   0   0   0   0   0   0   0
42:   0   0   0   0   0   0   0   0   0   0   0   0   0   0   0   0
43:   0   0   0   0   0   0   0   0   0   0   0   0   0   0   0   0
44:   0   0   0   0   0   0   0   0   0   0   0   0   0   0   0   0
45:   0   0   0   0   0   0   0   0   0   0   0   0   0   0   0   0
46:   0   0   0   0   0   0   0   0   0   0   0   0   0   0   0   0
47:   0   0   0   0   0   0   0   0   0   0   0   0   0   0   0   0
48:   0   0   0   0   0   0   0   0   0   0   0   0   0   0   0   0
49:   0   0   0   0   0   0   0   0   0   0   0   0   0   0   0   0
50:   0   0   0   0   0   0   0   0   0   0   0   0   0   0   0   0
